6799,
8167,
46168,
74432,
90382,
96888,
161942,
245836,
330408,
356512,
403430,
298147,
328644,
432131,
448405,
462216,
362212,
300662,
269927,
337204,
347338,
413617,
462606,
418253,
415630,
580100,
806231,
962733,
1000337,
1109305,
1120028,
1197408,
1299571,
1672843,
1668527,
1621249,
1781362,
1771259,
2120191,
2031974,
1947739,
2106910,
2130907,
1806095,
1842169,
1761180,
1781205,
1788859,
1717754,
2133012,
1708591,
1843048,
1888490,
2223474,
2596971,
2354372,
1978154,
1842275,
1936172,
1916791,
2114194,
2161303,
2131361,
1940716,
1780032,
2270739,
2035641,
1913798,
1908511,
2594794,
2323890,
2604679,
2341670,
2349465,
2553955,
2683578,
3015063,
2634013,
2476707,
2368013,
2194051,
2698846,
2677371,
2432060,
2950384,
2432233,
2462328,
2508068,
2163190,
1854772,
1957827,
2304579,
2042905,
1897362,
1641593,
1701251,
1704769,
1754304,
1632571,
2038677,
1846555,
1550434,
1543538,
1078386,
995054,
726313,
754500,
810791,
1124616,
1469969,
986858,
942111,
1116964,
856560,
780431,
695441,
546136,
455708,
501598,
557804,
649271,
471843,
440761,
462959,
393142,
453188,
450106,
357668,
367525;
